4126296865 2923871450
958522709 3157273125
4221428755 493871934
1478040823 3335208647
3107832963 1744418078
1738028637 1705839515
3493637523 3295824066
3800528235 1026578699
3896710631 2255788426
1558861439 3493786899
2975750349 208751353
2226900165 770520524
162607125 2885729687
1076883387 1451285544
3566860409 1984367648
4095020357 646264309
2182289643 174513252
62683795 3024982322
3283009465 1529632098
4048932463 1605676435
3227373003 776151884
4203320677 1499006181
3778922133 3722418265
3978795859 57319656
203448379 3735317122
195694305 818251128
2460376985 3593155573
934005147 1347326122
486999645 819163185
2277581977 409655418
3990326921 2216078684
3578455231 316577750
2293039381 2532340342
2804476961 1035019880
606169339 2364093175
3840929783 2256254252
1074534469 2012344295
1736809513 275096401
2833583279 514795252
1950540945 2220614139
1978764121 2679417207
3633357595 2981502193
948203241 2737943026
3886554063 319072249
2352441487 753809215
4091762519 2527776481
3853756313 2630933295
2903664579 3009825191
1417716127 2758685884
693015327 3690331149
121357319 1076122498
2813453857 1795110977
1450219325 3075738194
3926226761 2178411458
4128695529 3800745292
3341175139 3412584639
3359886115 98511844
3076565869 3897352473
4205128909 3541970295
3361482555 471822847
355553461 2586028553
1733797649 4134722040
608318907 859356927
3535137975 336825914
3280468099 3483696019
884838981 2488217925
1668675827 1761837608
1306359551 3015875112
1224585769 2018537982
1577405263 2350367855
146189417 71520285
2388985325 3915382769
217510797 1851553183
404664283 2691253679
2201599323 3398657081
3066512107 1932437565
142441679 1775422125
1276487457 2874617932
2744995329 87975830
4040832825 370043999
4292268859 2855898492
4114149895 308756569
3577592617 2085293570
2528911539 3593624076
1918067977 2349955416
3413185759 1540526948
1045154457 2447299182
2606294133 1139481198
3638666003 3304707032
3205303227 55933198
694142001 50701187
247369855 3209640589
3395965119 2882738085
3741781071 545808340
3403839061 1212281951
608776105 1520673862
4202415727 2689533922
252746463 2485550932
3115255625 2133317030
2086686191 3845392527
1844498691 1149453372
895284325 3307111827
2798639545 3108339697
423660561 405027948
818541409 1873307511
4043991831 331590736
2785652619 3484271079
2308805973 503858256
1687496845 2403324601
2521180601 592455215
1240860293 3699055237
1340135823 2155600260
1323763467 972571647
787500049 592500202
450577407 1695252394
117082333 2982171421
3188960567 2962402399
4182428087 2098246083
2652624123 2646370816
3882977477 3252884638
2068979675 1924925444
1078123689 827998077
1391180519 4055066960
45401791 3336064324
2286236173 1405203288
3639601495 144466004
3367946255 3895448899
2693722697 484236792
2569243951 4006915520
3549658481 3025725179
3882650669 4283343916
2393330547 88371806
3810817217 1188417895
3498781729 1351883731
1113341375 2014062355
1566919973 2488637789
1450705931 712821111
397284897 1157616639
3793027277 4258872480
1865027155 2657678617
3836946813 2795290231
2120691953 725219224
3115440169 2087708916
428336857 4114394473
640755059 2682609247
1969136045 3042019307
3181698451 2322269424
500447717 3969461458
2206407833 3304260916
2686056529 3924141277
724492637 2637694426
1954120663 1734488026
1935220779 418159837
3417917367 1620001067
2324925299 2898494400
1594406237 1715169632
2269405195 4057660727
2796967963 2174637739
2557003037 1091917648
2719392339 1500098555
3182091189 3991353589
2544207657 1768376866
2702027413 963303422
2579635789 3935725473
1733192481 58740225
1984299221 1183693094
809431493 2010984206
1863344043 526997737
805323827 1961241415
4283782503 1267199290
2406354407 2255580006
1151183067 3186944987
1338410741 2080238193
1734590669 3739267955
1527786613 3308122952
1726552807 1967466906
1485668827 3733192911
1771008161 3917059856
3602801621 17916440
206670291 3889203168
1613049169 3974575749
1096614767 3822496185
289322465 3057422080
4062463899 3656791158
4079563025 3561494287
3779761823 417514617
1418906679 2623038415
4070514805 2108741294
502941161 2685198698
3294780971 1979339970
639031195 3573181816
3107778929 1181019925
691125247 4254299067
4113735753 2567880464
197997205 3762261172
214686809 1646346876
2944118841 627751973
708836965 4035572742
2587139887 4175449969
1808884591 528317542
3525353071 4214018348
3315394049 1213615582
3444553277 502687325
3675913499 1559305445
3870100981 3385739562
123018009 2003460033
2716331577 3213663558
1848305991 1819869266
1144811511 829328432
1267166503 4112600123
3954154827 1871651897
444415803 3090242859
2630686981 1786932757
2668843365 2853696421
3133576929 2018947036
2103063417 1915588413
1969363047 1339060161
343594567 1689184366
3442871009 3122944859
1951165977 3112065413
1856627367 1505108222
2852599637 1915215732
3943311445 723765589
2121298755 3846050289
1147267325 1369923000
3320477639 1748034400
3537064559 371326626
3541959787 3855311651
1127385929 840174432
280558423 2816436528
2041963765 2999478788
1432529031 1426468333
3219954853 4020090372
3304085575 124211107
398043585 3583111587
1315900191 306385355
1565577291 2910693886
298449067 138668845
1272366543 2575743403
1955447965 3341421487
3782261747 2565222005
2111984085 619003472
163555729 2615493514
2129560431 422852166
2486896425 2627156570
2999780385 1195904110
3095479827 1083633518
3225148469 591547842
4253379651 711868685
3313805883 1808210363
2831807449 2266746871
638603113 544327965
3794602961 1060195506
3267853979 2630011757
2994375057 3490794659
1359746557 3015506709
2215847831 1573224230
211357049 3701006022
2796152485 2866566744
4137835123 3944757877
2985139807 2315912869
772543827 3476473668
3069626831 2328009769
1490336527 2386186796
46978871 4167205494
459052325 2888936256
1537511413 1209889646
2742048247 2633828545
248001745 4158623226
3520999869 3152761486
2578547749 576138831
2807510341 1331803516
2226801703 935252748
1013980911 1876805581
2930988829 2701679652
4165701249 123737119
3408092369 617769327
2597006153 4189090307
379582813 1021436921
2723170295 3125936457
3738032931 2630131861
3832366885 4002546
3537804719 1484680456
549080647 1867247119
1384672407 1082431019
666566555 1601096633
795664013 373196570
1628694703 241768615
3942791493 2165460050
4011169431 1090163761
3482678885 569877227
2672884863 2705185682
1638540369 2117213072
3872215527 1621060034
3067402365 849273658
3887374919 1148222495
1470483563 980528977
2437972427 560702487
3552378327 3026298720
2331446423 877422546
1031658257 2878225487
1458244613 2290040397
805412119 517976352
3595142741 54936722
743960921 3073644823
2096589021 394379978
2087055735 1050267983
4078473399 2466649729
2762181117 2242414367
2517021915 931454379
2056866059 2703968970
3095610091 3058834229
3254998519 4242701718
1105690557 1333812878
3969661793 3097969113
3178785321 4054536368
1144497591 1272772362
2277252933 630230474
4215558745 4081890468
2722483749 1285762438
1424847445 3643235027
2616343645 3223211482
2989000371 2109634577
3894380725 1982832994
1777867687 3918538280
633136289 3362080085
362736337 949277952
1093997715 3484354863
4139194059 550478220
254638861 1558365767
3061754373 1972144843
2001979177 3729793992
2028254297 2163246689
1595771265 3901539623
2705451549 3070709027
3639994075 2555736916
2085702769 3590329637
3370124207 2620487924
373831967 928900445
2587773553 3493634500
822278561 564470690
456594411 2925027641
803953641 2235146245
2465721821 2749329513
953570249 993446007
197459373 3835460970
286320247 1719119995
4100770835 1060183471
1791733837 2951279230
3311969401 1991528404
3442551075 3650669136
3539826235 2149625849
1279347337 613893317
2632314039 1549948322
3528274419 690785186
3896266615 2886215068
1072251643 1586672728
1064349289 80738076
406456205 4227241648
1348541485 4089505852
2988893903 2716855146
1380174341 2830455297
159349461 4142616269
3277638809 61471528
1431002233 415342190
3928368921 1549279800
3204495729 2051372423
3941527019 2990095448
1057329341 3831723818
915698859 1675598930
902103911 1775889918
1651549359 3874309575
793504661 4162957152
1236238337 1358199986
1870460747 2111640093
2138974921 2316560705
4016708603 3445004555
3000931757 3587522093
1939229171 1518360245
2621094571 2861946557
3038950689 3805352540
871766681 3778236904
2375550343 3489152430
1816418231 2370155605
4035203905 2983341761
1692896891 3877902354
3385106843 854938732
3944327151 2445127970
2148485127 195397932
2243042159 1939998258
2278389691 1714150967
975139643 1962451415
945406995 3345211081
3144526331 1734097697
2409728891 312762544
2699194135 1155872414
4198679805 4129837537
1527695887 1080865028
3961439051 149235371
1379519263 982825772
2497342263 1910230878
2212900693 3105487425
2723262303 3405194210
3214033433 1476454076
1349384773 1620042066
3435627383 3963245115
3008889011 2614577283
2469199775 1631557939
3217171125 988568882
454046267 2450225831
2684278629 50830814
358900661 2258622557
2638633193 1777855532
4262308345 3740404712
2037507803 919432210
2307419209 1893021951
1383975999 4200641877
1287812993 2851838978
1573070437 1017027412
2062812713 1137208336
1423319535 3131681611
401872345 3234698001
216294575 2152532366
1018229503 3396967764
1222766655 617162680
1529707115 4284525115
29405151 2932150008
3548653433 2281379972
2607704929 3568524467
464433265 963533183
3346364381 1851341598
551416999 2214171092
114041769 3211815254
3409548391 1827590209
3064595783 4285793666
3859600031 2455840137
3005484437 32603127
331454729 147464766
121343087 2194588731
3608577369 4144145672
2156041523 698572586
3361208909 959606215
1825611653 1381660313
683196273 3838380466
2531999373 440276118
2120545469 3710019573
3240808985 134587561
4252731531 1288892634
964218499 15551235
3672747835 2892297987
2149948795 679685360
3877890799 3975372238
1785790529 1143090122
2940957689 3260106484
3310595001 2022510027
1787414023 3586146581
3692102813 2202225446
1256007707 1492899999
2125232383 1125134510
2279530175 3698750406
174385825 1390573846
1365663947 2132438903
678267671 743743117
2577372787 2049602852
1629333291 161856219
2986953683 863476847
418383263 1130384514
1678971919 1590627575
3129904635 1821304066
1398268463 3780189351
3932771089 2664262188
2590143589 1500471237
2880456711 3245945571
1247937921 3809841027
1546168379 2031665658
3784495269 3755435258
3533395973 1798009551
2275577821 1238548180
3219343433 3131764803
254603385 2341262177
586590793 1175213329
1489637389 574293931
2298833317 2649399833
1539496677 213953285
955917017 1424502548
2800634087 4223321229
781017043 3947513126
2615324667 3781633199
4111281737 1463290949
502694115 2257907896
863805755 2306048420
1658066383 2936860230
4266996205 3549786667
672618295 1686013517
988444441 4239146824
1964360687 1033891994
4168204303 145174712
3805645075 1789201799
3394684929 2723732969
1842675613 691683817
2302089941 408490726
3385340141 338239368
1955213153 1938348668
2479343545 3150817964
3453116595 737745097
999342955 3831964945
2800691509 3077422426
95205965 626977477
1106353821 3736506173
4059971449 3239965618
2392656019 2677976188
1450706445 3014948975
